[gd_scene load_steps=69 format=3 uid="uid://t8ma23k26hif"]

[ext_resource type="Script" path="res://TPS/TPS.gd" id="1"]
[ext_resource type="Texture2D" uid="uid://1yqa0qcdje1t" path="res://raw/player_beta_torch.png" id="2_wgbmh"]
[ext_resource type="ArrayMesh" uid="uid://cu7kb5gkawfjb" path="res://raw/player_sword.tres" id="2_yshku"]
[ext_resource type="Texture2D" uid="uid://csmy7x3ulrpvs" path="res://raw/player_beta_base512_posterized.png" id="3_gy8a7"]
[ext_resource type="Texture2D" uid="uid://b6aix30nqhd4" path="res://raw/glare2.png" id="5_wv78t"]

[sub_resource type="CapsuleShape3D" id="1"]
radius = 0.983068

[sub_resource type="SeparationRayShape3D" id="SeparationRayShape3D_di0kp"]
custom_solver_bias = 1.0

[sub_resource type="Skin" id="Skin_jfsc7"]
resource_name = "Skin"
bind_count = 98
bind/0/name = &"mixamorig_Hips"
bind/0/bone = -1
bind/0/pose = Transform3D(1, 0, 0, 0, 1, -1.19209e-07, 0, 8.20563e-08, 1, -0.00887252, -2.23512, 0.0592267)
bind/1/name = &"mixamorig_Spine"
bind/1/bone = -1
bind/1/pose = Transform3D(1, 2.97354e-21, 1.29245e-19, 0, 0.999735, -0.0230009, -1.2928e-19, 0.0230009, 0.999735, -0.00887252, -2.48995, 0.00780153)
bind/2/name = &"mixamorig_Spine1"
bind/2/bone = -1
bind/2/pose = Transform3D(1, 2.47808e-21, 1.0771e-19, -2.01948e-28, 0.999735, -0.0230009, -1.07739e-19, 0.0230009, 0.999735, -0.00887252, -2.78636, 0.00780148)
bind/3/name = &"mixamorig_Spine2"
bind/3/bone = -1
bind/3/pose = Transform3D(1, 2.47808e-21, 1.0771e-19, 0, 0.999735, -0.0230009, -1.07739e-19, 0.0230008, 0.999735, -0.00887252, -3.12511, 0.00780165)
bind/4/name = &"mixamorig_Neck"
bind/4/bone = -1
bind/4/pose = Transform3D(1, -2.01949e-28, -1.29247e-26, 4.03894e-28, 1, -8.9407e-08, 3.23117e-26, 5.21541e-08, 1, -0.00887252, -3.5051, 0.0884451)
bind/5/name = &"mixamorig_Head"
bind/5/bone = -1
bind/5/pose = Transform3D(1, -2.84659e-34, -3.23117e-27, 2.01945e-28, 1, -1.10953e-07, 2.26182e-26, 7.37005e-08, 1, -0.00887252, -3.64797, 0.0641001)
bind/6/name = &"mixamorig_HeadTop_End"
bind/6/bone = -1
bind/6/pose = Transform3D(1, -4.0912e-23, -5.55112e-16, 2.01948e-28, 1, -1.10953e-07, 5.55112e-16, 7.37005e-08, 1, -0.00887252, -4.24451, -0.0375433)
bind/7/name = &"mixamorig_LeftShoulder"
bind/7/bone = -1
bind/7/pose = Transform3D(-0.00289534, -0.0225985, -0.999741, 0.924703, -0.380643, 0.0059263, -0.380679, -0.924446, 0.021999, -0.00903353, 1.1592, 3.25339)
bind/8/name = &"mixamorig_LeftArm"
bind/8/bone = -1
bind/8/pose = Transform3D(0.0271177, 0.0503347, -0.998364, 0.530075, -0.847477, -0.0283293, -0.847517, -0.52844, -0.0496629, -0.26543, 2.56494, 2.15066)
bind/9/name = &"mixamorig_LeftForeArm"
bind/9/bone = -1
bind/9/pose = Transform3D(0.139042, -0.130744, -0.981618, 0.579593, -0.792991, 0.187718, -0.802957, -0.595039, -0.0344809, 0.157861, 1.79492, 2.30459)
bind/10/name = &"mixamorig_LeftHand"
bind/10/bone = -1
bind/10/pose = Transform3D(0.139043, -0.130744, -0.981618, 0.579593, -0.792991, 0.187718, -0.802957, -0.595039, -0.0344814, 0.15786, 1.00529, 2.30459)
bind/11/name = &"mixamorig_RightShoulder"
bind/11/bone = -1
bind/11/pose = Transform3D(-0.015629, 0.022405, 0.999627, -0.924703, -0.380643, -0.00592626, 0.380369, -0.92445, 0.026667, 0.0097933, 1.17456, 3.24706)
bind/12/name = &"mixamorig_RightArm"
bind/12/bone = -1
bind/12/pose = Transform3D(0.00854624, -0.0363192, 0.999304, -0.530104, -0.847525, -0.0262695, 0.847889, -0.529511, -0.0264959, 0.215879, 2.57452, 2.14117)
bind/13/name = &"mixamorig_RightForeArm"
bind/13/bone = -1
bind/13/pose = Transform3D(0.124095, 0.149624, 0.980924, -0.578867, -0.791999, 0.194038, 0.805924, -0.591904, -0.0116703, -0.220553, 1.80452, 2.28608)
bind/14/name = &"mixamorig_RightHand"
bind/14/bone = -1
bind/14/pose = Transform3D(0.124094, 0.149624, 0.980924, -0.578867, -0.791999, 0.194038, 0.805924, -0.591904, -0.01167, -0.220554, 1.0139, 2.28608)
bind/15/name = &"mixamorig_LeftUpLeg"
bind/15/bone = -1
bind/15/pose = Transform3D(-0.991562, -0.129189, -0.0099002, 0.129567, -0.988669, -0.0758031, -5.03467e-06, -0.0764471, 0.997071, 0.595882, 2.02334, 0.219671)
bind/16/name = &"mixamorig_LeftLeg"
bind/16/bone = -1
bind/16/pose = Transform3D(-0.978552, -0.205356, -0.0157398, 0.205729, -0.978214, -0.0277846, -0.00970109, -0.0304272, 0.999487, 0.673425, 0.984572, 0.17351)
bind/17/name = &"mixamorig_LeftFoot"
bind/17/bone = -1
bind/17/pose = Transform3D(-0.972724, -0.207516, 0.103591, 0.212542, -0.618834, 0.756216, -0.0928271, 0.757616, 0.646065, 0.689313, 0.140766, -0.0280106)
bind/18/name = &"mixamorig_LeftToeBase"
bind/18/bone = -1
bind/18/pose = Transform3D(-0.960432, 0.0102189, 0.278308, 0.278105, -0.0169129, 0.960396, 0.0145209, 0.999805, 0.0134017, 0.654651, -0.334853, -0.0187185)
bind/19/name = &"mixamorig_LeftToe_End"
bind/19/bone = -1
bind/19/pose = Transform3D(-0.960432, 0.0102187, 0.278308, 0.278105, -0.0169129, 0.960396, 0.0145207, 0.999805, 0.0134018, 0.654651, -0.48677, -0.0187183)
bind/20/name = &"mixamorig_RightUpLeg"
bind/20/bone = -1
bind/20/pose = Transform3D(-0.9916, 0.128819, 0.0120887, -0.129385, -0.98726, -0.0926143, -2.81355e-06, -0.0934, 0.995631, -0.577579, 2.02317, 0.239784)
bind/21/name = &"mixamorig_RightLeg"
bind/21/bone = -1
bind/21/pose = Transform3D(-0.978527, 0.20524, 0.0192569, -0.205728, -0.978205, -0.0281279, 0.0130572, -0.0314857, 0.999422, -0.655414, 0.988123, 0.177535)
bind/22/name = &"mixamorig_RightFoot"
bind/22/bone = -1
bind/22/pose = Transform3D(-0.972617, 0.207561, -0.104609, -0.213816, -0.622438, 0.752901, 0.0911564, 0.754646, 0.649771, -0.67235, 0.145523, -0.0281436)
bind/23/name = &"mixamorig_RightToeBase"
bind/23/bone = -1
bind/23/pose = Transform3D(-0.961444, -0.00237833, -0.275002, -0.274935, -0.0165925, 0.961324, -0.00684905, 0.99986, 0.0152987, -0.640184, -0.323057, -0.0132787)
bind/24/name = &"mixamorig_RightToe_End"
bind/24/bone = -1
bind/24/pose = Transform3D(-0.961443, -0.00237962, -0.275002, -0.274935, -0.0165925, 0.961324, -0.00685029, 0.99986, 0.0152984, -0.640184, -0.47673, -0.0132795)
bind/25/name = &"Ctrl_Master"
bind/25/bone = -1
bind/25/pose = Transform3D(0.99995, 0, -0.00999983, 0, 1, 0, 0.00999983, 0, 0.99995, 0, 0, 0)
bind/26/name = &"Ctrl_Hips"
bind/26/bone = -1
bind/26/pose = Transform3D(1, -2.10988e-09, 1.73182e-16, 2.10988e-09, 1, -8.20814e-08, 1.73182e-16, 8.20814e-08, 1, -0.00887251, -2.23512, 0.0592267)
bind/27/name = &"Ctrl_Hips_Free"
bind/27/bone = -1
bind/27/pose = Transform3D(1, 2.10988e-09, -8.74228e-08, 2.10988e-09, -1, 8.20311e-08, -8.74228e-08, -8.20311e-08, -1, -0.00887253, 2.55291, -0.0592267)
bind/28/name = &"Hips_Free_Helper"
bind/28/bone = -1
bind/28/pose = Transform3D(1, -2.10988e-09, 6.3573e-08, 2.10988e-09, 1, -8.20814e-08, -6.3573e-08, 8.20814e-08, 1, -0.00887251, -2.23512, 0.0592267)
bind/29/name = &"UpLeg_IK_Left"
bind/29/bone = -1
bind/29/pose = Transform3D(-0.986205, -0.165526, 3.16568e-06, 0.165516, -0.986144, -0.0111449, 0.00184789, -0.0109906, 0.999938, 0.67081, 2.0101, 0.0821547)
bind/30/name = &"Leg_IK_Left"
bind/30/bone = -1
bind/30/pose = Transform3D(-0.986205, -0.165526, 3.17208e-06, 0.164669, -0.981098, -0.101643, 0.0168276, -0.10024, 0.994821, 0.670811, 0.999694, 0.173389)
bind/31/name = &"Ctrl_UpLeg_FK_Left"
bind/31/bone = -1
bind/31/pose = Transform3D(-0.986205, -0.165526, 3.16568e-06, 0.165516, -0.986144, -0.0111449, 0.00184789, -0.0109906, 0.999938, 0.67081, 2.0101, 0.0821547)
bind/32/name = &"Ctrl_Leg_FK_Left"
bind/32/bone = -1
bind/32/pose = Transform3D(-0.986205, -0.165526, 3.17208e-06, 0.164669, -0.981098, -0.101643, 0.0168276, -0.10024, 0.994821, 0.670811, 0.999694, 0.173389)
bind/33/name = &"Ctrl_Foot_FK_Left"
bind/33/bone = -1
bind/33/pose = Transform3D(-0.962696, 3.23595e-06, 0.270587, 0.270587, -2.72552e-08, 0.962696, 3.27095e-06, 1, -9.11632e-07, 0.657428, -0.0188403, -0.251378)
bind/34/name = &"Foot_FK_Left"
bind/34/bone = -1
bind/34/pose = Transform3D(-0.972731, -0.207518, 0.103591, 0.212552, -0.618831, 0.75622, -0.0928235, 0.757617, 0.646065, 0.689318, 0.14076, -0.0280132)
bind/35/name = &"Ctrl_Toe_FK_Left"
bind/35/bone = -1
bind/35/pose = Transform3D(-0.960437, 0.0102175, 0.278309, 0.278118, -0.0169129, 0.960398, 0.01452, 0.999805, 0.0134021, 0.654655, -0.334862, -0.0187178)
bind/36/name = &"UpLeg_IK_Right"
bind/36/bone = -1
bind/36/pose = Transform3D(-0.986206, 0.165524, -3.91295e-06, -0.165503, -0.986082, -0.0158366, -0.0026252, -0.0156175, 0.999875, -0.653306, 2.01288, 0.076266)
bind/37/name = &"Leg_IK_Right"
bind/37/bone = -1
bind/37/pose = Transform3D(-0.986206, 0.165524, -2.23331e-06, -0.164407, -0.979553, -0.11596, -0.0191963, -0.11436, 0.993254, -0.653306, 0.999896, 0.177365)
bind/38/name = &"Ctrl_UpLeg_FK_Right"
bind/38/bone = -1
bind/38/pose = Transform3D(-0.986206, 0.165524, -3.91295e-06, -0.165503, -0.986082, -0.0158366, -0.0026252, -0.0156175, 0.999875, -0.653306, 2.01288, 0.076266)
bind/39/name = &"Ctrl_Leg_FK_Right"
bind/39/bone = -1
bind/39/pose = Transform3D(-0.986206, 0.165524, -2.23331e-06, -0.164407, -0.979553, -0.11596, -0.0191963, -0.11436, 0.993254, -0.653306, 0.999896, 0.177365)
bind/40/name = &"Ctrl_Foot_FK_Right"
bind/40/bone = -1
bind/40/pose = Transform3D(-0.961963, 3.41173e-06, -0.273179, -0.273179, -1.54185e-07, 0.961963, 3.2232e-06, 1, 9.23073e-07, -0.640812, -0.013973, -0.251369)
bind/41/name = &"Foot_FK_Right"
bind/41/bone = -1
bind/41/pose = Transform3D(-0.972613, 0.20756, -0.104609, -0.213809, -0.622439, 0.752898, 0.0911588, 0.754645, 0.64977, -0.672348, 0.145527, -0.0281419)
bind/42/name = &"Ctrl_Toe_FK_Right"
bind/42/bone = -1
bind/42/pose = Transform3D(-0.961441, -0.00237909, -0.275002, -0.274927, -0.0165926, 0.961322, -0.00685, 0.99986, 0.0152985, -0.640182, -0.323051, -0.0132794)
bind/43/name = &"Ctrl_Spine"
bind/43/bone = -1
bind/43/pose = Transform3D(1, 0, 0, -4.02325e-18, 0.999735, -0.0230009, 1.74871e-16, 0.0230009, 0.999735, -0.00887252, -2.48995, 0.00780153)
bind/44/name = &"Ctrl_Spine1"
bind/44/bone = -1
bind/44/pose = Transform3D(1, 2.47808e-21, 1.0771e-19, -4.02325e-18, 0.999735, -0.0230009, 1.74763e-16, 0.0230009, 0.999735, -0.00887252, -2.78636, 0.00780147)
bind/45/name = &"Ctrl_Spine2"
bind/45/bone = -1
bind/45/pose = Transform3D(1, 2.47808e-21, 1.0771e-19, -4.02324e-18, 0.999735, -0.0230008, 1.74763e-16, 0.0230008, 0.999735, -0.00887252, -3.12511, 0.00780164)
bind/46/name = &"Ctrl_Neck"
bind/46/bone = -1
bind/46/pose = Transform3D(1, -6.74075e-34, -1.29247e-26, -8.98026e-24, 1, -5.21541e-08, 1.74917e-16, 5.21541e-08, 1, -0.00887252, -3.5051, 0.0884451)
bind/47/name = &"Ctrl_Head"
bind/47/bone = -1
bind/47/pose = Transform3D(1, -2.38139e-34, -3.23117e-27, -1.27491e-23, 1, -7.37005e-08, 1.74917e-16, 7.37005e-08, 1, -0.00887252, -3.64798, 0.0641001)
bind/48/name = &"Ctrl_Shoulder_Left"
bind/48/bone = -1
bind/48/pose = Transform3D(-0.00289539, -0.0225986, -0.999741, 0.924703, -0.380643, 0.00592624, -0.380679, -0.924446, 0.0219991, -0.00903314, 1.1592, 3.25339)
bind/49/name = &"Arm_IK_Left"
bind/49/bone = -1
bind/49/pose = Transform3D(-0.0196441, 0.0287905, -0.999393, 0.564033, -0.825016, -0.0348537, -0.825519, -0.564375, -3.2153e-05, -0.171922, 2.47376, 2.26399)
bind/50/name = &"ForeArm_IK_Left"
bind/50/bone = -1
bind/50/pose = Transform3D(0.108766, -0.159037, -0.981263, 0.553801, -0.81005, 0.192673, -0.825515, -0.564381, -3.07635e-05, 0.257503, 1.86418, 2.264)
bind/51/name = &"Ctrl_Arm_FK_Left"
bind/51/bone = -1
bind/51/pose = Transform3D(-0.0196442, 0.0287905, -0.999392, 0.564033, -0.825016, -0.0348537, -0.825519, -0.564375, -3.19798e-05, -0.171922, 2.47376, 2.26399)
bind/52/name = &"Ctrl_ForeArm_FK_Left"
bind/52/bone = -1
bind/52/pose = Transform3D(0.108766, -0.159037, -0.981263, 0.553801, -0.81005, 0.192673, -0.825515, -0.564381, -3.07187e-05, 0.257503, 1.86418, 2.264)
bind/53/name = &"Ctrl_Hand_FK_Left"
bind/53/bone = -1
bind/53/pose = Transform3D(0.139043, -0.130744, -0.981618, 0.579593, -0.792991, 0.187718, -0.802957, -0.595039, -0.0344813, 0.15786, 1.00529, 2.30459)
bind/54/name = &"Ctrl_Shoulder_Right"
bind/54/bone = -1
bind/54/pose = Transform3D(-0.015629, 0.022405, 0.999627, -0.924703, -0.380643, -0.00592627, 0.380369, -0.92445, 0.026667, 0.00979329, 1.17456, 3.24706)
bind/55/name = &"Arm_IK_Right"
bind/55/bone = -1
bind/55/pose = Transform3D(-0.0184384, -0.0269647, 0.999466, -0.564074, -0.825078, -0.0326662, 0.825518, -0.564376, 3.10223e-06, 0.172591, 2.48395, 2.24935)
bind/56/name = &"ForeArm_IK_Right"
bind/56/bone = -1
bind/56/pose = Transform3D(0.112245, 0.16419, 0.980022, -0.5531, -0.809026, 0.19889, 0.825519, -0.564374, 4.29898e-06, -0.26695, 1.87321, 2.24934)
bind/57/name = &"Ctrl_Arm_FK_Right"
bind/57/bone = -1
bind/57/pose = Transform3D(-0.0184384, -0.0269647, 0.999466, -0.564074, -0.825077, -0.0326665, 0.825518, -0.564375, 2.80235e-06, 0.172591, 2.48395, 2.24934)
bind/58/name = &"Ctrl_ForeArm_FK_Right"
bind/58/bone = -1
bind/58/pose = Transform3D(0.112245, 0.16419, 0.980021, -0.5531, -0.809026, 0.198889, 0.825519, -0.564374, 3.95625e-06, -0.26695, 1.87321, 2.24934)
bind/59/name = &"Ctrl_Hand_FK_Right"
bind/59/bone = -1
bind/59/pose = Transform3D(0.124094, 0.149624, 0.980924, -0.578867, -0.791999, 0.194037, 0.805924, -0.591904, -0.0116703, -0.220554, 1.0139, 2.28608)
bind/60/name = &"Ctrl_ArmPole_IK_Left"
bind/60/bone = -1
bind/60/pose = Transform3D(1, 0, 0, 0, 1, -1.19209e-07, 0, 0, 1, -0.840755, -2.78172, 0.70345)
bind/61/name = &"Ctrl_Hand_IK_Left"
bind/61/bone = -1
bind/61/pose = Transform3D(0.139043, -0.130744, -0.981618, 0.579593, -0.79299, 0.187717, -0.802956, -0.595039, -0.0344817, 0.157859, 1.00529, 2.30459)
bind/62/name = &"Ctrl_ArmPole_IK_Right"
bind/62/bone = -1
bind/62/pose = Transform3D(1, 0, 0, 0, 1, 0, 0, 0, 1, 0.824573, -2.77944, 0.707673)
bind/63/name = &"Ctrl_Hand_IK_Right"
bind/63/bone = -1
bind/63/pose = Transform3D(0.124095, 0.149624, 0.980925, -0.578867, -0.791999, 0.194038, 0.805924, -0.591904, -0.0116702, -0.220554, 1.0139, 2.28608)
bind/64/name = &"Ctrl_Foot_IK_Left"
bind/64/bone = -1
bind/64/pose = Transform3D(-0.962693, 4.35417e-06, 0.270586, 0.270586, 2.84216e-12, 0.962696, 4.19175e-06, 1, -1.17818e-06, 0.657426, -0.0188398, -0.251378)
bind/65/name = &"Foot_IK_Left"
bind/65/bone = -1
bind/65/pose = Transform3D(-0.972729, -0.207518, 0.10359, 0.212552, -0.618832, 0.75622, -0.0928235, 0.757617, 0.646065, 0.689317, 0.14076, -0.0280133)
bind/66/name = &"Foot_Snap_Left"
bind/66/bone = -1
bind/66/pose = Transform3D(-0.962693, 4.36164e-06, 0.270586, 0.270586, 4.33084e-08, 0.962696, 4.17803e-06, 1, -1.0505e-06, 0.657426, -0.0188399, -0.251378)
bind/67/name = &"ToeTrack_Left"
bind/67/bone = -1
bind/67/pose = Transform3D(-0.960435, 0.0102181, 0.278308, 0.278117, -0.0169126, 0.960398, 0.0145204, 0.999805, 0.0134018, 0.654653, -0.334862, -0.0187182)
bind/68/name = &"Toe01_IK_Left"
bind/68/bone = -1
bind/68/pose = Transform3D(-0.960435, 0.0102187, 0.278308, 0.278117, -0.0169126, 0.960398, 0.0145209, 0.999805, 0.0134017, 0.654653, -0.334862, -0.0187186)
bind/69/name = &"Toe02_Left"
bind/69/bone = -1
bind/69/pose = Transform3D(-0.960435, 0.0102187, 0.278308, 0.278117, -0.0169126, 0.960398, 0.0145209, 0.999805, 0.0134017, 0.654653, -0.410821, -0.0187186)
bind/70/name = &"FootHeelOut_Left"
bind/70/bone = -1
bind/70/pose = Transform3D(-0.941155, -0.210347, 0.264532, 0.270586, -3.72528e-09, 0.962696, -0.2025, 0.977627, 0.056917, 0.761237, -0.0382579, 0.132068)
bind/71/name = &"FootHeelIn_Left"
bind/71/bone = -1
bind/71/pose = Transform3D(-0.941155, -0.210347, 0.264532, 0.270586, -3.72528e-09, 0.962696, -0.2025, 0.977627, 0.056917, 0.526876, 0.000578208, 0.132069)
bind/72/name = &"FootHeelMid_Left"
bind/72/bone = -1
bind/72/pose = Transform3D(-0.941155, -0.210347, 0.264532, 0.270586, 7.45056e-09, 0.962696, -0.2025, 0.977627, 0.056917, 0.644057, -0.0188399, 0.132069)
bind/73/name = &"ToeEnd_Left"
bind/73/bone = -1
bind/73/pose = Transform3D(-0.960435, 0.0102182, 0.278308, 0.278117, -0.0169128, 0.960398, 0.0145205, 0.999805, 0.0134018, 0.654653, -0.48678, -0.0187183)
bind/74/name = &"ToeEnd_01_Left"
bind/74/bone = -1
bind/74/pose = Transform3D(-0.960435, 0.0102183, 0.278308, 0.278117, -0.0169128, 0.960398, 0.0145206, 0.999805, 0.0134018, 0.654653, -0.48678, -0.0187184)
bind/75/name = &"Ctrl_Foot_01_Left"
bind/75/bone = -1
bind/75/pose = Transform3D(-0.972728, -0.207518, 0.10359, 0.212552, -0.618832, 0.75622, -0.0928236, 0.757617, 0.646065, 0.689317, -0.255169, -0.0280131)
bind/76/name = &"Foot_IK_target_Left"
bind/76/bone = -1
bind/76/pose = Transform3D(0.962693, -1.49011e-08, -0.270586, -0.212552, 0.618832, -0.75622, 0.167447, 0.785524, 0.595747, -0.657427, -0.14076, -0.20912)
bind/77/name = &"Foot_01_Pole_Left"
bind/77/bone = -1
bind/77/pose = Transform3D(-0.975654, -0.198694, 0.0928236, -0.0928229, 0.757617, 0.646065, -0.198694, 0.621721, -0.757617, 0.692876, -0.819872, 0.245339)
bind/78/name = &"Ctrl_Toe_IK_Left"
bind/78/bone = -1
bind/78/pose = Transform3D(-0.960435, 0.0102187, 0.278308, 0.278117, -0.0169128, 0.960398, 0.0145209, 0.999805, 0.0134017, 0.654653, -0.334862, -0.0187186)
bind/79/name = &"Ctrl_FootRoll_Cursor_Left"
bind/79/bone = -1
bind/79/pose = Transform3D(-0.962693, 4.35418e-06, 0.270586, 0.270586, 2.95585e-12, 0.962696, 4.19176e-06, 1, -1.17819e-06, 0.657426, 0.354374, -0.251378)
bind/80/name = &"Ctrl_LegPole_IK_Left"
bind/80/bone = -1
bind/80/pose = Transform3D(1, 0, 0, 0, 1, 0, 0, 0, 1, -0.509042, -1.01972, -1.62468)
bind/81/name = &"Ctrl_Foot_IK_Right"
bind/81/bone = -1
bind/81/pose = Transform3D(-0.961966, 4.48533e-06, -0.27318, -0.27318, 3.18324e-12, 0.961963, 4.31471e-06, 1, 1.2253e-06, -0.640814, -0.0139735, -0.251368)
bind/82/name = &"Foot_IK_Right"
bind/82/bone = -1
bind/82/pose = Transform3D(-0.972615, 0.20756, -0.10461, -0.213809, -0.622439, 0.752898, 0.0911591, 0.754645, 0.649771, -0.672349, 0.145527, -0.0281416)
bind/83/name = &"Foot_Snap_Right"
bind/83/bone = -1
bind/83/pose = Transform3D(-0.961966, 4.47449e-06, -0.27318, -0.27318, 6.24229e-08, 0.961963, 4.35766e-06, 1, 1.23749e-06, -0.640814, -0.0139735, -0.251368)
bind/84/name = &"ToeTrack_Right"
bind/84/bone = -1
bind/84/pose = Transform3D(-0.961443, -0.00237834, -0.275002, -0.274927, -0.0165922, 0.961322, -0.00684927, 0.999859, 0.0152986, -0.640184, -0.323051, -0.0132788)
bind/85/name = &"Toe01_IK_Right"
bind/85/bone = -1
bind/85/pose = Transform3D(-0.961443, -0.00237974, -0.275002, -0.274927, -0.0165922, 0.961322, -0.00685062, 0.99986, 0.0152982, -0.640184, -0.323051, -0.0132797)
bind/86/name = &"Toe02_Right"
bind/86/bone = -1
bind/86/pose = Transform3D(-0.961443, -0.00237974, -0.275002, -0.274927, -0.0165922, 0.961322, -0.00685062, 0.99986, 0.0152982, -0.640184, -0.399888, -0.0132797)
bind/87/name = &"FootHeelOut_Right"
bind/87/bone = -1
bind/87/pose = Transform3D(-0.940423, 0.210447, -0.267062, -0.27318, -3.7253e-09, 0.961963, 0.202443, 0.977605, 0.0574898, -0.744261, -0.0334632, 0.128606)
bind/88/name = &"FootHeelIn_Right"
bind/88/bone = -1
bind/88/pose = Transform3D(-0.940422, 0.210447, -0.267062, -0.27318, -3.7253e-09, 0.961963, 0.202443, 0.977605, 0.0574901, -0.511354, 0.0055166, 0.128606)
bind/89/name = &"FootHeelMid_Right"
bind/89/bone = -1
bind/89/pose = Transform3D(-0.940423, 0.210447, -0.267062, -0.27318, 1.11759e-08, 0.961963, 0.202443, 0.977605, 0.05749, -0.627807, -0.0139734, 0.128606)
bind/90/name = &"ToeEnd_Right"
bind/90/bone = -1
bind/90/pose = Transform3D(-0.961443, -0.0023786, -0.275002, -0.274927, -0.0165923, 0.961322, -0.00684954, 0.99986, 0.0152986, -0.640184, -0.476724, -0.013279)
bind/91/name = &"ToeEnd_01_Right"
bind/91/bone = -1
bind/91/pose = Transform3D(-0.961443, -0.00237969, -0.275002, -0.274927, -0.0165923, 0.961322, -0.00685059, 0.99986, 0.0152983, -0.640184, -0.476724, -0.0132797)
bind/92/name = &"Ctrl_Foot_01_Right"
bind/92/bone = -1
bind/92/pose = Transform3D(-0.972616, 0.20756, -0.10461, -0.213809, -0.622439, 0.752898, 0.0911591, 0.754645, 0.649771, -0.672349, -0.248049, -0.0281417)
bind/93/name = &"Foot_IK_target_Right"
bind/93/bone = -1
bind/93/pose = Transform3D(0.961966, -3.7253e-07, 0.27318, 0.213809, 0.622439, -0.752898, -0.170038, 0.782668, 0.598764, 0.640813, -0.145527, -0.205438)
bind/94/name = &"Foot_01_Pole_Right"
bind/94/bone = -1
bind/94/pose = Transform3D(-0.976276, 0.196422, -0.091159, 0.0911597, 0.754645, 0.649771, 0.196422, 0.626044, -0.754645, -0.676668, -0.815294, 0.236013)
bind/95/name = &"Ctrl_Toe_IK_Right"
bind/95/bone = -1
bind/95/pose = Transform3D(-0.961443, -0.00237974, -0.275002, -0.274927, -0.0165923, 0.961322, -0.00685064, 0.99986, 0.0152982, -0.640184, -0.323051, -0.0132798)
bind/96/name = &"Ctrl_FootRoll_Cursor_Right"
bind/96/bone = -1
bind/96/pose = Transform3D(-0.961966, 4.48532e-06, -0.27318, -0.27318, 3.06955e-12, 0.961963, 4.3147e-06, 1, 1.22529e-06, -0.640814, 0.355674, -0.251368)
bind/97/name = &"Ctrl_LegPole_IK_Right"
bind/97/bone = -1
bind/97/pose = Transform3D(1, 0, 0, 0, 1, 0, 0, 0, 1, 0.494123, -1.00287, -1.63685)

[sub_resource type="StandardMaterial3D" id="StandardMaterial3D_c2yua"]
shading_mode = 0
albedo_texture = ExtResource("2_wgbmh")
texture_filter = 0

[sub_resource type="StandardMaterial3D" id="StandardMaterial3D_j1e4u"]
albedo_texture = ExtResource("3_gy8a7")
metallic_specular = 0.13
texture_filter = 0

[sub_resource type="StandardMaterial3D" id="StandardMaterial3D_otyqw"]
transparency = 1
shading_mode = 0
albedo_color = Color(1, 1, 1, 0)
texture_filter = 0

[sub_resource type="Animation" id="Animation_idtis"]
length = 0.001
tracks/0/type = "bezier"
tracks/0/imported = false
tracks/0/enabled = true
tracks/0/path = NodePath("OmniLight3D:light_energy")
tracks/0/interp = 1
tracks/0/loop_wrap = true
tracks/0/keys = {
"handle_modes": PackedInt32Array(0),
"points": PackedFloat32Array(0, -0.25, 0, 0.25, 0),
"times": PackedFloat32Array(0)
}
tracks/1/type = "value"
tracks/1/imported = false
tracks/1/enabled = true
tracks/1/path = NodePath("Glare3D:scale")
tracks/1/interp = 1
tracks/1/loop_wrap = true
tracks/1/keys = {
"times": PackedFloat32Array(0),
"transitions": PackedFloat32Array(1),
"update": 0,
"values": [Vector3(1, 1, 1)]
}

[sub_resource type="Animation" id="Animation_arwu5"]
resource_name = "flicker"
length = 0.5
loop_mode = 1
step = 0.01
tracks/0/type = "bezier"
tracks/0/imported = false
tracks/0/enabled = true
tracks/0/path = NodePath("OmniLight3D:light_energy")
tracks/0/interp = 1
tracks/0/loop_wrap = true
tracks/0/keys = {
"handle_modes": PackedInt32Array(0, 0, 0),
"points": PackedFloat32Array(10, -0.25, 0, 0.24, 1, 10, -0.25, 0, 0.22, -1, 10, -0.16, 3, 0.25, 0),
"times": PackedFloat32Array(0, 0.24, 0.5)
}
tracks/1/type = "value"
tracks/1/imported = false
tracks/1/enabled = true
tracks/1/path = NodePath("Glare3D:scale")
tracks/1/interp = 1
tracks/1/loop_wrap = true
tracks/1/keys = {
"times": PackedFloat32Array(0, 0.07, 0.08, 0.32, 0.34, 0.5),
"transitions": PackedFloat32Array(1, 1, 1, 1, 1, 1),
"update": 0,
"values": [Vector3(1.5, 1, 1), Vector3(1.5, 1, 1), Vector3(1.8, 1, 1), Vector3(1.5, 1, 1), Vector3(1.5, 1.2, 1), Vector3(1.5, 1, 1)]
}

[sub_resource type="AnimationLibrary" id="AnimationLibrary_wykfm"]
_data = {
"RESET": SubResource("Animation_idtis"),
"flicker": SubResource("Animation_arwu5")
}

[sub_resource type="Animation" id="Animation_vyv6l"]
resource_name = "Action"
length = 9.36667
tracks/0/type = "position_3d"
tracks/0/imported = true
tracks/0/enabled = true
tracks/0/path = NodePath("Player_anim/Skeleton3D:mixamorig_HeadTop_End")
tracks/0/interp = 1
tracks/0/loop_wrap = true
tracks/0/keys = PackedFloat32Array(0, 1, -2.08379e-17, 0.596508, 0.101605)
tracks/1/type = "rotation_3d"
tracks/1/imported = true
tracks/1/enabled = true
tracks/1/path = NodePath("Player_anim/Skeleton3D:mixamorig_LeftArm")
tracks/1/interp = 1
tracks/1/loop_wrap = true
tracks/1/keys = PackedFloat32Array(0, 1, 0.285989, 0.014678, -0.0226842, 0.957852)
tracks/2/type = "rotation_3d"
tracks/2/imported = true
tracks/2/enabled = true
tracks/2/path = NodePath("Player_anim/Skeleton3D:mixamorig_LeftForeArm")
tracks/2/interp = 1
tracks/2/loop_wrap = true
tracks/2/keys = PackedFloat32Array(0, 1, -3.37418e-06, -4.26814e-07, 0.11412, 0.993467)
tracks/3/type = "rotation_3d"
tracks/3/imported = true
tracks/3/enabled = true
tracks/3/path = NodePath("Player_anim/Skeleton3D:mixamorig_LeftHand")
tracks/3/interp = 1
tracks/3/loop_wrap = true
tracks/3/keys = PackedFloat32Array(0, 1, -0.015406, 0.0205475, -0.00279262, 0.999666)
tracks/4/type = "rotation_3d"
tracks/4/imported = true
tracks/4/enabled = true
tracks/4/path = NodePath("Player_anim/Skeleton3D:mixamorig_RightArm")
tracks/4/interp = 1
tracks/4/loop_wrap = true
tracks/4/keys = PackedFloat32Array(0, 1, 0.286, -0.0182991, 0.0166268, 0.957911)
tracks/5/type = "rotation_3d"
tracks/5/imported = true
tracks/5/enabled = true
tracks/5/path = NodePath("Player_anim/Skeleton3D:mixamorig_RightForeArm")
tracks/5/interp = 1
tracks/5/loop_wrap = true
tracks/5/keys = PackedFloat32Array(0, 1, 6.93279e-07, 6.43221e-07, -0.116183, 0.993228)
tracks/6/type = "rotation_3d"
tracks/6/imported = true
tracks/6/enabled = true
tracks/6/path = NodePath("Player_anim/Skeleton3D:mixamorig_RightHand")
tracks/6/interp = 1
tracks/6/loop_wrap = true
tracks/6/keys = PackedFloat32Array(0, 1, -0.0154199, -0.00904047, 0.00256454, 0.999837)
tracks/7/type = "rotation_3d"
tracks/7/imported = true
tracks/7/enabled = true
tracks/7/path = NodePath("Player_anim/Skeleton3D:mixamorig_LeftUpLeg")
tracks/7/interp = 1
tracks/7/loop_wrap = true
tracks/7/keys = PackedFloat32Array(0, 1, -0.000464006, 0.00554834, -0.99653, 0.0830485)
tracks/8/type = "rotation_3d"
tracks/8/imported = true
tracks/8/enabled = true
tracks/8/path = NodePath("Player_anim/Skeleton3D:mixamorig_LeftLeg")
tracks/8/interp = 1
tracks/8/loop_wrap = true
tracks/8/keys = PackedFloat32Array(0, 1, -0.0453314, -1.19361e-08, 1.45068e-07, 0.998972)
tracks/9/type = "rotation_3d"
tracks/9/imported = true
tracks/9/enabled = true
tracks/9/path = NodePath("Player_anim/Skeleton3D:mixamorig_LeftFoot")
tracks/9/interp = 1
tracks/9/loop_wrap = true
tracks/9/keys = PackedFloat32Array(0, 1, 0.464542, -0.0399848, 0.0396233, 0.88376)
tracks/10/type = "position_3d"
tracks/10/imported = true
tracks/10/enabled = true
tracks/10/path = NodePath("Player_anim/Skeleton3D:mixamorig_LeftToeBase")
tracks/10/interp = 1
tracks/10/loop_wrap = true
tracks/10/keys = PackedFloat32Array(0, 1, 1.86741e-05, 0.395719, -2.39467e-05)
tracks/11/type = "rotation_3d"
tracks/11/imported = true
tracks/11/enabled = true
tracks/11/path = NodePath("Player_anim/Skeleton3D:mixamorig_LeftToeBase")
tracks/11/interp = 1
tracks/11/loop_wrap = true
tracks/11/keys = PackedFloat32Array(0, 1, 0.316357, -0.132397, 0.0446371, 0.938295)
tracks/12/type = "rotation_3d"
tracks/12/imported = true
tracks/12/enabled = true
tracks/12/path = NodePath("Player_anim/Skeleton3D:mixamorig_RightUpLeg")
tracks/12/interp = 1
tracks/12/loop_wrap = true
tracks/12/keys = PackedFloat32Array(0, 1, -0.000659688, -0.00789407, 0.996514, 0.0830464)
tracks/13/type = "rotation_3d"
tracks/13/imported = true
tracks/13/enabled = true
tracks/13/path = NodePath("Player_anim/Skeleton3D:mixamorig_RightLeg")
tracks/13/interp = 1
tracks/13/loop_wrap = true
tracks/13/keys = PackedFloat32Array(0, 1, -0.0501647, -8.36007e-07, -1.17218e-07, 0.998741)
tracks/14/type = "rotation_3d"
tracks/14/imported = true
tracks/14/enabled = true
tracks/14/path = NodePath("Player_anim/Skeleton3D:mixamorig_RightFoot")
tracks/14/interp = 1
tracks/14/loop_wrap = true
tracks/14/keys = PackedFloat32Array(0, 1, 0.468681, 0.0408314, -0.0394509, 0.881541)
tracks/15/type = "position_3d"
tracks/15/imported = true
tracks/15/enabled = true
tracks/15/path = NodePath("Player_anim/Skeleton3D:mixamorig_RightToeBase")
tracks/15/interp = 1
tracks/15/loop_wrap = true
tracks/15/keys = PackedFloat32Array(0, 1, -9.14828e-06, 0.393185, -3.31549e-05)
tracks/16/type = "rotation_3d"
tracks/16/imported = true
tracks/16/enabled = true
tracks/16/path = NodePath("Player_anim/Skeleton3D:mixamorig_RightToeBase")
tracks/16/interp = 1
tracks/16/loop_wrap = true
tracks/16/keys = PackedFloat32Array(0, 1, 0.318841, 0.12811, -0.0435438, 0.9381)
tracks/17/type = "rotation_3d"
tracks/17/imported = true
tracks/17/enabled = true
tracks/17/path = NodePath("Player_anim/Skeleton3D:Leg_IK_Left")
tracks/17/interp = 1
tracks/17/loop_wrap = true
tracks/17/keys = PackedFloat32Array(0, 1, -0.0453314, -1.14474e-08, 1.49866e-07, 0.998972)
tracks/18/type = "rotation_3d"
tracks/18/imported = true
tracks/18/enabled = true
tracks/18/path = NodePath("Player_anim/Skeleton3D:Arm_IK_Left")
tracks/18/interp = 1
tracks/18/loop_wrap = true
tracks/18/keys = PackedFloat32Array(0, 1, 0.285989, 0.014678, -0.0226842, 0.957852)
tracks/19/type = "position_3d"
tracks/19/imported = true
tracks/19/enabled = true
tracks/19/path = NodePath("Player_anim/Skeleton3D:mixamorig_LeftToe_End")
tracks/19/interp = 1
tracks/19/loop_wrap = true
tracks/19/keys = PackedFloat32Array(0, 1, -1.9525e-08, 0.151917, -1.39698e-08)
tracks/20/type = "position_3d"
tracks/20/imported = true
tracks/20/enabled = true
tracks/20/path = NodePath("Player_anim/Skeleton3D:mixamorig_RightToe_End")
tracks/20/interp = 1
tracks/20/loop_wrap = true
tracks/20/keys = PackedFloat32Array(0, 1, 8.0463e-08, 0.153673, 2.93367e-08)
tracks/21/type = "position_3d"
tracks/21/imported = true
tracks/21/enabled = true
tracks/21/path = NodePath("Player_anim/Skeleton3D:mixamorig_Hips")
tracks/21/interp = 1
tracks/21/loop_wrap = true
tracks/21/keys = PackedFloat32Array(0, 1, 0.00887252, 2.23512, -0.0592269)
tracks/22/type = "rotation_3d"
tracks/22/imported = true
tracks/22/enabled = true
tracks/22/path = NodePath("Player_anim/Skeleton3D:mixamorig_Hips")
tracks/22/interp = 1
tracks/22/loop_wrap = true
tracks/22/keys = PackedFloat32Array(0, 1, -5.03164e-08, 0, 0, 1)
tracks/23/type = "position_3d"
tracks/23/imported = true
tracks/23/enabled = true
tracks/23/path = NodePath("Player_anim/Skeleton3D:Ctrl_Hips")
tracks/23/interp = 1
tracks/23/loop_wrap = true
tracks/23/keys = PackedFloat32Array(0, 1, 0.00946433, 2.23512, -0.0591352)
tracks/24/type = "rotation_3d"
tracks/24/imported = true
tracks/24/enabled = true
tracks/24/path = NodePath("Player_anim/Skeleton3D:Ctrl_Hips")
tracks/24/interp = 1
tracks/24/loop_wrap = true
tracks/24/keys = PackedFloat32Array(0, 1, -4.10349e-08, -0.00499998, -1.26013e-09, 0.999988)
tracks/25/type = "position_3d"
tracks/25/imported = true
tracks/25/enabled = true
tracks/25/path = NodePath("Player_anim/Skeleton3D:Ctrl_Arm_FK_Left")
tracks/25/interp = 1
tracks/25/loop_wrap = true
tracks/25/keys = PackedFloat32Array(0, 1, 0.461432, 0.19956, -0.00125577)
tracks/26/type = "position_3d"
tracks/26/imported = true
tracks/26/enabled = true
tracks/26/path = NodePath("Player_anim/Skeleton3D:Ctrl_Arm_FK_Right")
tracks/26/interp = 1
tracks/26/loop_wrap = true
tracks/26/keys = PackedFloat32Array(0, 1, -0.461432, 0.199694, -0.00709422)
tracks/27/type = "position_3d"
tracks/27/imported = true
tracks/27/enabled = true
tracks/27/path = NodePath("Player_anim/Skeleton3D:Ctrl_ArmPole_IK_Left")
tracks/27/interp = 1
tracks/27/loop_wrap = true
tracks/27/keys = PackedFloat32Array(0, 1, 0.840755, 2.78172, -0.70345)
tracks/28/type = "rotation_3d"
tracks/28/imported = true
tracks/28/enabled = true
tracks/28/path = NodePath("Player_anim/Skeleton3D:Ctrl_ArmPole_IK_Left")
tracks/28/interp = 1
tracks/28/loop_wrap = true
tracks/28/keys = PackedFloat32Array(0, 1, -2.98023e-08, 0, 0, 1)
tracks/29/type = "position_3d"
tracks/29/imported = true
tracks/29/enabled = true
tracks/29/path = NodePath("Player_anim/Skeleton3D:Ctrl_Hand_IK_Left")
tracks/29/interp = 1
tracks/29/loop_wrap = true
tracks/29/keys = PackedFloat32Array(0, 1, 1.24588, 2.18915, 0.0457122)
tracks/30/type = "rotation_3d"
tracks/30/imported = true
tracks/30/enabled = true
tracks/30/path = NodePath("Player_anim/Skeleton3D:Ctrl_Hand_IK_Left")
tracks/30/interp = 1
tracks/30/loop_wrap = true
tracks/30/keys = PackedFloat32Array(0, 1, 0.701162, 0.160037, -0.636291, 0.279093)
tracks/31/type = "position_3d"
tracks/31/imported = true
tracks/31/enabled = true
tracks/31/path = NodePath("Player_anim/Skeleton3D:Ctrl_ArmPole_IK_Right")
tracks/31/interp = 1
tracks/31/loop_wrap = true
tracks/31/keys = PackedFloat32Array(0, 1, -0.824573, 2.77944, -0.707673)
tracks/32/type = "rotation_3d"
tracks/32/imported = true
tracks/32/enabled = true
tracks/32/path = NodePath("Player_anim/Skeleton3D:Ctrl_ArmPole_IK_Right")
tracks/32/interp = 1
tracks/32/loop_wrap = true
tracks/32/keys = PackedFloat32Array(0, 1, 0, 0, 0, 1)
tracks/33/type = "position_3d"
tracks/33/imported = true
tracks/33/enabled = true
tracks/33/path = NodePath("Player_anim/Skeleton3D:Ctrl_Hand_IK_Right")
tracks/33/interp = 1
tracks/33/loop_wrap = true
tracks/33/keys = PackedFloat32Array(0, 1, -1.22813, 2.18915, 0.0462913)
tracks/34/type = "rotation_3d"
tracks/34/imported = true
tracks/34/enabled = true
tracks/34/path = NodePath("Player_anim/Skeleton3D:Ctrl_Hand_IK_Right")
tracks/34/interp = 1
tracks/34/loop_wrap = true
tracks/34/keys = PackedFloat32Array(0, 1, 0.69422, -0.154577, 0.643474, 0.283031)
tracks/35/type = "position_3d"
tracks/35/imported = true
tracks/35/enabled = true
tracks/35/path = NodePath("Player_anim/Skeleton3D:Ctrl_Foot_IK_Left")
tracks/35/interp = 1
tracks/35/loop_wrap = true
tracks/35/keys = PackedFloat32Array(0, 1, 0.638002, 0.251375, -0.159754)
tracks/36/type = "rotation_3d"
tracks/36/imported = true
tracks/36/enabled = true
tracks/36/path = NodePath("Player_anim/Skeleton3D:Ctrl_Foot_IK_Left")
tracks/36/interp = 1
tracks/36/loop_wrap = true
tracks/36/keys = PackedFloat32Array(0, 1, -0.0965733, -0.700482, -0.700481, 0.09657)
tracks/37/type = "position_3d"
tracks/37/imported = true
tracks/37/enabled = true
tracks/37/path = NodePath("Player_anim/Skeleton3D:Foot_IK_Left")
tracks/37/interp = 1
tracks/37/loop_wrap = true
tracks/37/keys = PackedFloat32Array(0, 1, -6.40346e-08, -1.30378e-08, 1.53881e-09)
tracks/38/type = "rotation_3d"
tracks/38/imported = true
tracks/38/enabled = true
tracks/38/path = NodePath("Player_anim/Skeleton3D:Foot_IK_Left")
tracks/38/interp = 1
tracks/38/loop_wrap = true
tracks/38/keys = PackedFloat32Array(0, 1, -0.324551, 0.125931, -0.0436441, 0.936431)
tracks/39/type = "position_3d"
tracks/39/imported = true
tracks/39/enabled = true
tracks/39/path = NodePath("Player_anim/Skeleton3D:Toe01_IK_Left")
tracks/39/interp = 1
tracks/39/loop_wrap = true
tracks/39/keys = PackedFloat32Array(0, 1, -1.15906e-08, 5.08808e-08, 1.28057e-09)
tracks/40/type = "rotation_3d"
tracks/40/imported = true
tracks/40/enabled = true
tracks/40/path = NodePath("Player_anim/Skeleton3D:Toe01_IK_Left")
tracks/40/interp = 1
tracks/40/loop_wrap = true
tracks/40/keys = PackedFloat32Array(0, 1, -8.49832e-09, -2.76777e-07, -1.76442e-09, 1)
tracks/41/type = "position_3d"
tracks/41/imported = true
tracks/41/enabled = true
tracks/41/path = NodePath("Player_anim/Skeleton3D:Ctrl_LegPole_IK_Left")
tracks/41/interp = 1
tracks/41/loop_wrap = true
tracks/41/keys = PackedFloat32Array(0, 1, 0.509042, 1.01972, 1.62468)
tracks/42/type = "rotation_3d"
tracks/42/imported = true
tracks/42/enabled = true
tracks/42/path = NodePath("Player_anim/Skeleton3D:Ctrl_LegPole_IK_Left")
tracks/42/interp = 1
tracks/42/loop_wrap = true
tracks/42/keys = PackedFloat32Array(0, 1, 0, 0, 0, 1)
tracks/43/type = "position_3d"
tracks/43/imported = true
tracks/43/enabled = true
tracks/43/path = NodePath("Player_anim/Skeleton3D:Ctrl_Foot_IK_Right")
tracks/43/interp = 1
tracks/43/loop_wrap = true
tracks/43/keys = PackedFloat32Array(0, 1, -0.620254, 0.251371, -0.161615)
tracks/44/type = "rotation_3d"
tracks/44/imported = true
tracks/44/enabled = true
tracks/44/path = NodePath("Player_anim/Skeleton3D:Ctrl_Foot_IK_Right")
tracks/44/interp = 1
tracks/44/loop_wrap = true
tracks/44/keys = PackedFloat32Array(0, 1, -0.0975137, 0.70035, 0.700351, 0.0975171)
tracks/45/type = "position_3d"
tracks/45/imported = true
tracks/45/enabled = true
tracks/45/path = NodePath("Player_anim/Skeleton3D:Foot_IK_Right")
tracks/45/interp = 1
tracks/45/loop_wrap = true
tracks/45/keys = PackedFloat32Array(0, 1, -3.8532e-08, 2.32839e-08, -1.32203e-08)
tracks/46/type = "rotation_3d"
tracks/46/imported = true
tracks/46/enabled = true
tracks/46/path = NodePath("Player_anim/Skeleton3D:Foot_IK_Right")
tracks/46/interp = 1
tracks/46/loop_wrap = true
tracks/46/keys = PackedFloat32Array(0, 1, -0.326681, -0.12632, 0.0441075, 0.935616)
tracks/47/type = "position_3d"
tracks/47/imported = true
tracks/47/enabled = true
tracks/47/path = NodePath("Player_anim/Skeleton3D:Toe01_IK_Right")
tracks/47/interp = 1
tracks/47/loop_wrap = true
tracks/47/keys = PackedFloat32Array(0, 1, -4.66207e-09, -1.25656e-08, -1.16415e-09)
tracks/48/type = "rotation_3d"
tracks/48/imported = true
tracks/48/enabled = true
tracks/48/path = NodePath("Player_anim/Skeleton3D:Toe01_IK_Right")
tracks/48/interp = 1
tracks/48/loop_wrap = true
tracks/48/keys = PackedFloat32Array(0, 1, 4.10364e-09, 7.03847e-07, -1.65955e-08, 1)
tracks/49/type = "position_3d"
tracks/49/imported = true
tracks/49/enabled = true
tracks/49/path = NodePath("Player_anim/Skeleton3D:Ctrl_LegPole_IK_Right")
tracks/49/interp = 1
tracks/49/loop_wrap = true
tracks/49/keys = PackedFloat32Array(0, 1, -0.494123, 1.00287, 1.63685)
tracks/50/type = "rotation_3d"
tracks/50/imported = true
tracks/50/enabled = true
tracks/50/path = NodePath("Player_anim/Skeleton3D:Ctrl_LegPole_IK_Right")
tracks/50/interp = 1
tracks/50/loop_wrap = true
tracks/50/keys = PackedFloat32Array(0, 1, 0, 0, 0, 1)
tracks/51/type = "rotation_3d"
tracks/51/imported = true
tracks/51/enabled = true
tracks/51/path = NodePath("Player_anim/Skeleton3D:mixamorig_Spine")
tracks/51/interp = 1
tracks/51/loop_wrap = true
tracks/51/keys = PackedFloat32Array(0, 1, -0.0115012, -6.46355e-20, 7.43432e-22, 0.999934)
tracks/52/type = "rotation_3d"
tracks/52/imported = true
tracks/52/enabled = true
tracks/52/path = NodePath("Player_anim/Skeleton3D:mixamorig_Spine1")
tracks/52/interp = 1
tracks/52/loop_wrap = true
tracks/52/keys = PackedFloat32Array(0, 1, -8.84756e-09, 1.07705e-20, 1.20988e-27, 1)
tracks/53/type = "rotation_3d"
tracks/53/imported = true
tracks/53/enabled = true
tracks/53/path = NodePath("Player_anim/Skeleton3D:mixamorig_Spine2")
tracks/53/interp = 1
tracks/53/loop_wrap = true
tracks/53/keys = PackedFloat32Array(0, 1, 2.7474e-08, 1.45482e-26, -3.15968e-27, 1)
tracks/54/type = "rotation_3d"
tracks/54/imported = true
tracks/54/enabled = true
tracks/54/path = NodePath("Player_anim/Skeleton3D:mixamorig_Neck")
tracks/54/interp = 1
tracks/54/loop_wrap = true
tracks/54/keys = PackedFloat32Array(0, 1, 0.0115012, 5.38657e-20, -6.19559e-22, 0.999934)
tracks/55/type = "rotation_3d"
tracks/55/imported = true
tracks/55/enabled = true
tracks/55/path = NodePath("Player_anim/Skeleton3D:mixamorig_Head")
tracks/55/interp = 1
tracks/55/loop_wrap = true
tracks/55/keys = PackedFloat32Array(0, 1, -1.07732e-08, -4.84676e-27, 1.00974e-28, 1)
tracks/56/type = "rotation_3d"
tracks/56/imported = true
tracks/56/enabled = true
tracks/56/path = NodePath("Player_anim/Skeleton3D:mixamorig_LeftShoulder")
tracks/56/interp = 1
tracks/56/loop_wrap = true
tracks/56/keys = PackedFloat32Array(0, 1, 0.58674, 0.394172, -0.588282, 0.392796)
tracks/57/type = "rotation_3d"
tracks/57/imported = true
tracks/57/enabled = true
tracks/57/path = NodePath("Player_anim/Skeleton3D:mixamorig_RightShoulder")
tracks/57/interp = 1
tracks/57/loop_wrap = true
tracks/57/keys = PackedFloat32Array(0, 1, 0.582962, -0.396808, 0.591911, 0.390308)
tracks/58/type = "rotation_3d"
tracks/58/imported = true
tracks/58/enabled = true
tracks/58/path = NodePath("Player_anim/Skeleton3D:Ctrl_Hips_Free")
tracks/58/interp = 1
tracks/58/loop_wrap = true
tracks/58/keys = PackedFloat32Array(0, 1, -1, -2.10988e-09, 4.37114e-08, 2.51638e-11)
tracks/59/type = "rotation_3d"
tracks/59/imported = true
tracks/59/enabled = true
tracks/59/path = NodePath("Player_anim/Skeleton3D:UpLeg_IK_Left")
tracks/59/interp = 1
tracks/59/loop_wrap = true
tracks/59/keys = PackedFloat32Array(0, 1, 0.0830486, 0.99653, 0.00555319, 0.000464329)
tracks/60/type = "rotation_3d"
tracks/60/imported = true
tracks/60/enabled = true
